4.023438e-001
7.382813e-001
9.492188e-001
9.921875e-001
8.671875e-001
5.937500e-001
2.187500e-001
-1.914063e-001
-5.742188e-001
-8.554688e-001
-9.921875e-001
-9.531250e-001
-7.539063e-001
-4.257813e-001
-2.343750e-002
3.789063e-001
7.226563e-001
9.414063e-001
9.960938e-001
8.789063e-001
6.132813e-001
2.421875e-001
-1.679688e-001
-5.546875e-001
-8.437500e-001
-9.882813e-001
-9.609375e-001
-7.695313e-001
-4.492188e-001
-4.687500e-002
3.593750e-001
7.070313e-001
9.296875e-001
9.960938e-001
8.906250e-001
6.328125e-001
2.656250e-001
-1.445313e-001
-5.312500e-001
-8.281250e-001
-9.843750e-001
-9.687500e-001
-7.851563e-001
-4.687500e-001
-7.031250e-002
3.359375e-001
6.875000e-001
9.218750e-001
9.960938e-001
9.023438e-001
6.523438e-001
2.890625e-001
-1.210938e-001
-5.117188e-001
-8.164063e-001
-9.804688e-001
-9.726563e-001
-8.007813e-001
-4.921875e-001
-9.765625e-002
3.125000e-001
6.679688e-001
9.140625e-001
001
9.140625e-001
6.679688e-001
3.125000e-001
-9.765625e-002
-4.921875e-001
-8.007813e-001
-9.726563e-001
-9.804688e-001
-8.164063e-001
-5.117188e-001
-1.210938e-001
2.890625e-001
6.523438e-001
9.023438e-001
9.960938e-001
9.218750e-001
6.875000e-001
3.359375e-001
-7.031250e-002
-4.687500e-001
-7.851563e-001
-9.687500e-001
-9.843750e-001
-8.281250e-001
-5.312500e-001
-1.445313e-001
2.656250e-001
6.328125e-001
8.906250e-001
9.960938e-001
9.296875e-001
7.070313e-001
3.593750e-001
-4.687500e-002
-4.492188e-001
-7.695313e-001
-9.609375e-001
-9.882813e-001
-8.437500e-001
-5.546875e-001
-1.679688e-001
2.421875e-001
6.132813e-001
8.789063e-001
9.960938e-001
9.414063e-001
7.226563e-001
3.789063e-001
-2.343750e-002
-4.257813e-001
-7.539063e-001
-9.531250e-001
-9.921875e-001
-8.554688e-001
-5.742188e-001
-1.914063e-001
2.187500e-001
5.937500e-001
8.671875e-001
9.921875e-001
9.492188e-001
7.382813e-001
4.023438e-001
000
-4.023438e-001
-7.382813e-001
-9.492188e-001
-9.921875e-001
-8.671875e-001
-5.937500e-001
-2.187500e-001
1.914063e-001
5.742188e-001
8.554688e-001
9.921875e-001
9.531250e-001
7.539063e-001
4.257813e-001
2.343750e-002
-3.789063e-001
-7.226563e-001
-9.414063e-001
-9.960938e-001
-8.789063e-001
-6.132813e-001
-2.421875e-001
1.679688e-001
5.546875e-001
8.437500e-001
9.882813e-001
9.609375e-001
7.695313e-001
4.492188e-001
4.687500e-002
-3.593750e-001
-7.070313e-001
-9.296875e-001
-9.960938e-001
-8.906250e-001
-6.328125e-001
-2.656250e-001
1.445313e-001
5.312500e-001
8.281250e-001
9.843750e-001
9.687500e-001
7.851563e-001
4.687500e-001
7.031250e-002
-3.359375e-001
-6.875000e-001
-9.218750e-001
-9.960938e-001
-9.023438e-001
-6.523438e-001
-2.890625e-001
1.210938e-001
5.117188e-001
8.164063e-001
9.804688e-001
9.726563e-001
8.007813e-001
4.921875e-001
9.765625e-002
-3.125000e-001
-6.679688e-001
-9.140625e-001
-01
-9.140625e-001
-6.679688e-001
-3.125000e-001
9.765625e-002
4.921875e-001
8.007813e-001
9.726563e-001
9.804688e-001
8.164063e-001
5.117188e-001
1.210938e-001
-2.890625e-001
-6.523438e-001
-9.023438e-001
-9.960938e-001
-9.218750e-001
-6.875000e-001
-3.359375e-001
7.031250e-002
4.687500e-001
7.851563e-001
9.687500e-001
9.843750e-001
8.281250e-001
5.312500e-001
1.445313e-001
-2.656250e-001
-6.328125e-001
-8.906250e-001
-9.960938e-001
-9.296875e-001
-7.070313e-001
-3.593750e-001
4.687500e-002
4.492188e-001
7.695313e-001
9.609375e-001
9.882813e-001
8.437500e-001
5.546875e-001
1.679688e-001
-2.421875e-001
-6.132813e-001
-8.789063e-001
-9.960938e-001
-9.414063e-001
-7.226563e-001
-3.789063e-001
2.343750e-002
4.257813e-001
7.539063e-001
9.531250e-001
9.921875e-001
8.554688e-001
5.742188e-001
1.914063e-001
-2.187500e-001
-5.937500e-001
-8.671875e-001
-9.921875e-001
-9.492188e-001
-7.382813e-001
-4.023438e-001
000
4.023438e-001
7.382813e-001
9.492188e-001
9.921875e-001
8.671875e-001
5.937500e-001
2.187500e-001
-1.914063e-001
-5.742188e-001
-8.554688e-001
-9.921875e-001
-9.531250e-001
-7.539063e-001
-4.257813e-001
-2.343750e-002
3.789063e-001
7.226563e-001
9.414063e-001
9.960938e-001
8.789063e-001
6.132813e-001
2.421875e-001
-1.679688e-001
-5.546875e-001
-8.437500e-001
-9.882813e-001
-9.609375e-001
-7.695313e-001
-4.492188e-001
-4.687500e-002
3.593750e-001
7.070313e-001
9.296875e-001
9.960938e-001
8.906250e-001
6.328125e-001
2.656250e-001
-1.445313e-001
-5.312500e-001
-8.281250e-001
-9.843750e-001
-9.687500e-001
-7.851563e-001
-4.687500e-001
-7.031250e-002
3.359375e-001
6.875000e-001
9.218750e-001
9.960938e-001
9.023438e-001
6.523438e-001
2.890625e-001
-1.210938e-001
-5.117188e-001
-8.164063e-001
-9.804688e-001
-9.726563e-001
-8.007813e-001
-4.921875e-001
-9.765625e-002
3.125000e-001
6.679688e-001
9.140625e-001
001
9.140625e-001
6.679688e-001
3.125000e-001
-9.765625e-002
-4.921875e-001
-8.007813e-001
-9.726563e-001
-9.804688e-001
-8.164063e-001
-5.117188e-001
-1.210938e-001
2.890625e-001
6.523438e-001
9.023438e-001
9.960938e-001
9.218750e-001
6.875000e-001
3.359375e-001
-7.031250e-002
-4.687500e-001
-7.851563e-001
-9.687500e-001
-9.843750e-001
-8.281250e-001
-5.312500e-001
-1.445313e-001
2.656250e-001
6.328125e-001
8.906250e-001
9.960938e-001
9.296875e-001
7.070313e-001
3.593750e-001
-4.687500e-002
-4.492188e-001
-7.695313e-001
-9.609375e-001
-9.882813e-001
-8.437500e-001
-5.546875e-001
-1.679688e-001
2.421875e-001
6.132813e-001
8.789063e-001
9.960938e-001
9.414063e-001
7.226563e-001
3.789063e-001
-2.343750e-002
-4.257813e-001
-7.539063e-001
-9.531250e-001
-9.921875e-001
-8.554688e-001
-5.742188e-001
-1.914063e-001
2.187500e-001
5.937500e-001
8.671875e-001
9.921875e-001
9.492188e-001
7.382813e-001
4.023438e-001
000
-4.023438e-001
-7.382813e-001
-9.492188e-001
-9.921875e-001
-8.671875e-001
-5.937500e-001
-2.187500e-001
1.914063e-001
5.742188e-001
8.554688e-001
9.921875e-001
9.531250e-001
7.539063e-001
4.257813e-001
2.343750e-002
-3.789063e-001
-7.226563e-001
-9.414063e-001
-9.960938e-001
-8.789063e-001
-6.132813e-001
-2.421875e-001
1.679688e-001
5.546875e-001
8.437500e-001
9.882813e-001
9.609375e-001
7.695313e-001
4.492188e-001
4.687500e-002
-3.593750e-001
-7.070313e-001
-9.296875e-001
-9.960938e-001
-8.906250e-001
-6.328125e-001
-2.656250e-001
1.445313e-001
5.312500e-001
8.281250e-001
9.843750e-001
9.687500e-001
7.851563e-001
4.687500e-001
7.031250e-002
-3.359375e-001
-6.875000e-001
-9.218750e-001
-9.960938e-001
-9.023438e-001
-6.523438e-001
-2.890625e-001
1.210938e-001
5.117188e-001
8.164063e-001
9.804688e-001
9.726563e-001
8.007813e-001
4.921875e-001
9.765625e-002
-3.125000e-001
-6.679688e-001
-9.140625e-001
-01
-9.140625e-001
-6.679688e-001
-3.125000e-001
9.765625e-002
4.921875e-001
8.007813e-001
9.726563e-001
9.804688e-001
8.164063e-001
5.117188e-001
1.210938e-001
-2.890625e-001
-6.523438e-001
-9.023438e-001
-9.960938e-001
-9.218750e-001
-6.875000e-001
-3.359375e-001
7.031250e-002
4.687500e-001
7.851563e-001
9.687500e-001
9.843750e-001
8.281250e-001
5.312500e-001
1.445313e-001
-2.656250e-001
-6.328125e-001
-8.906250e-001
-9.960938e-001
-9.296875e-001
-7.070313e-001
-3.593750e-001
4.687500e-002
4.492188e-001
7.695313e-001
9.609375e-001
9.882813e-001
8.437500e-001
5.546875e-001
1.679688e-001
-2.421875e-001
-6.132813e-001
-8.789063e-001
-9.960938e-001
-9.414063e-001
-7.226563e-001
-3.789063e-001
2.343750e-002
4.257813e-001
7.539063e-001
9.531250e-001
9.921875e-001
8.554688e-001
5.742188e-001
1.914063e-001
-2.187500e-001
-5.937500e-001
-8.671875e-001
-9.921875e-001
-9.492188e-001
-7.382813e-001
-4.023438e-001
000
4.023438e-001
7.382813e-001
9.492188e-001
9.921875e-001
8.671875e-001
5.937500e-001
2.187500e-001
-1.914063e-001
-5.742188e-001
-8.554688e-001
-9.921875e-001
-9.531250e-001
-7.539063e-001
-4.257813e-001
-2.343750e-002
3.789063e-001
7.226563e-001
9.414063e-001
9.960938e-001
8.789063e-001
6.132813e-001
2.421875e-001
-1.679688e-001
-5.546875e-001
-8.437500e-001
-9.882813e-001
-9.609375e-001
-7.695313e-001
-4.492188e-001
-4.687500e-002
3.593750e-001
7.070313e-001
9.296875e-001
9.960938e-001
8.906250e-001
6.328125e-001
2.656250e-001
-1.445313e-001
-5.312500e-001
-8.281250e-001
-9.843750e-001
-9.687500e-001
-7.851563e-001
-4.687500e-001
-7.031250e-002
3.359375e-001
6.875000e-001
9.218750e-001
9.960938e-001
9.023438e-001
6.523438e-001
2.890625e-001
-1.210938e-001
-5.117188e-001
-8.164063e-001
-9.804688e-001
-9.726563e-001
-8.007813e-001
-4.921875e-001
-9.765625e-002
3.125000e-001
6.679688e-001
9.140625e-001
001
9.140625e-001
6.679688e-001
3.125000e-001
-9.765625e-002
-4.921875e-001
-8.007813e-001
-9.726563e-001
-9.804688e-001
-8.164063e-001
-5.117188e-001
-1.210938e-001
2.890625e-001
6.523438e-001
9.023438e-001
9.960938e-001
9.218750e-001
6.875000e-001
3.359375e-001
-7.031250e-002
-4.687500e-001
-7.851563e-001
-9.687500e-001
-9.843750e-001
-8.281250e-001
-5.312500e-001
-1.445313e-001
2.656250e-001
6.328125e-001
8.906250e-001
9.960938e-001
9.296875e-001
7.070313e-001
3.593750e-001
-4.687500e-002
-4.492188e-001
-7.695313e-001
-9.609375e-001
-9.882813e-001
-8.437500e-001
-5.546875e-001
-1.679688e-001
2.421875e-001
6.132813e-001
8.789063e-001
9.960938e-001
9.414063e-001
7.226563e-001
3.789063e-001
-2.343750e-002
-4.257813e-001
-7.539063e-001
-9.531250e-001
-9.921875e-001
-8.554688e-001
-5.742188e-001
-1.914063e-001
2.187500e-001
5.937500e-001
8.671875e-001
9.921875e-001
9.492188e-001
7.382813e-001
4.023438e-001
000
-4.023438e-001
-7.382813e-001
-9.492188e-001
-9.921875e-001
-8.671875e-001
-5.937500e-001
-2.187500e-001
1.914063e-001
5.742188e-001
8.554688e-001
9.921875e-001
9.531250e-001
7.539063e-001
4.257813e-001
2.343750e-002
-3.789063e-001
-7.226563e-001
-9.414063e-001
-9.960938e-001
-8.789063e-001
-6.132813e-001
-2.421875e-001
1.679688e-001
5.546875e-001
8.437500e-001
9.882813e-001
9.609375e-001
7.695313e-001
4.492188e-001
4.687500e-002
-3.593750e-001
-7.070313e-001
-9.296875e-001
-9.960938e-001
-8.906250e-001
-6.328125e-001
-2.656250e-001
1.445313e-001
5.312500e-001
8.281250e-001
9.843750e-001
9.687500e-001
7.851563e-001
4.687500e-001
7.031250e-002
-3.359375e-001
-6.875000e-001
-9.218750e-001
-9.960938e-001
-9.023438e-001
-6.523438e-001
-2.890625e-001
1.210938e-001
5.117188e-001
8.164063e-001
9.804688e-001
9.726563e-001
8.007813e-001
4.921875e-001
9.765625e-002
-3.125000e-001
-6.679688e-001
-9.140625e-001
-01
-9.140625e-001
-6.679688e-001
-3.125000e-001
9.765625e-002
4.921875e-001
8.007813e-001
9.726563e-001
9.804688e-001
8.164063e-001
5.117188e-001
1.210938e-001
-2.890625e-001
-6.523438e-001
-9.023438e-001
-9.960938e-001
-9.218750e-001
-6.875000e-001
-3.359375e-001
7.031250e-002
4.687500e-001
7.851563e-001
9.687500e-001
9.843750e-001
8.281250e-001
5.312500e-001
1.445313e-001
-2.656250e-001
-6.328125e-001
-8.906250e-001
-9.960938e-001
-9.296875e-001
-7.070313e-001
-3.593750e-001
4.687500e-002
4.492188e-001
7.695313e-001
9.609375e-001
9.882813e-001
8.437500e-001
5.546875e-001
1.679688e-001
-2.421875e-001
-6.132813e-001
-8.789063e-001
-9.960938e-001
-9.414063e-001
-7.226563e-001
-3.789063e-001
2.343750e-002
4.257813e-001
7.539063e-001
9.531250e-001
9.921875e-001
8.554688e-001
5.742188e-001
1.914063e-001
-2.187500e-001
-5.937500e-001
-8.671875e-001
-9.921875e-001
-9.492188e-001
-7.382813e-001
-4.023438e-001
000
4.023438e-001
7.382813e-001
9.492188e-001
9.921875e-001
8.671875e-001
5.937500e-001
2.187500e-001
-1.914063e-001
-5.742188e-001
-8.554688e-001
-9.921875e-001
-9.531250e-001
-7.539063e-001
-4.257813e-001
-2.343750e-002
3.789063e-001
7.226563e-001
9.414063e-001
9.960938e-001
8.789063e-001
6.132813e-001
2.421875e-001
-1.679688e-001
-5.546875e-001
-8.437500e-001
-9.882813e-001
-9.609375e-001
-7.695313e-001
-4.492188e-001
-4.687500e-002
3.593750e-001
7.070313e-001
9.296875e-001
9.960938e-001
8.906250e-001
6.328125e-001
2.656250e-001
-1.445313e-001
-5.312500e-001
-8.281250e-001
-9.843750e-001
-9.687500e-001
-7.851563e-001
-4.687500e-001
-7.031250e-002
3.359375e-001
6.875000e-001
9.218750e-001
9.960938e-001
9.023438e-001
6.523438e-001
2.890625e-001
-1.210938e-001
-5.117188e-001
-8.164063e-001
-9.804688e-001
-9.726563e-001
-8.007813e-001
-4.921875e-001
-9.765625e-002
3.125000e-001
6.679688e-001
9.140625e-001
001
9.140625e-001
6.679688e-001
3.125000e-001
-9.765625e-002
-4.921875e-001
-8.007813e-001
-9.726563e-001
-9.804688e-001
-8.164063e-001
-5.117188e-001
-1.210938e-001
2.890625e-001
6.523438e-001
9.023438e-001
9.960938e-001
9.218750e-001
6.875000e-001
3.359375e-001
-7.031250e-002
-4.687500e-001
-7.851563e-001
-9.687500e-001
-9.843750e-001
-8.281250e-001
-5.312500e-001
-1.445313e-001
2.656250e-001
6.328125e-001
8.906250e-001
9.960938e-001
9.296875e-001
7.070313e-001
3.593750e-001
-4.687500e-002
-4.492188e-001
-7.695313e-001
-9.609375e-001
-9.882813e-001
-8.437500e-001
-5.546875e-001
-1.679688e-001
2.421875e-001
6.132813e-001
8.789063e-001
9.960938e-001
9.414063e-001
7.226563e-001
3.789063e-001
-2.343750e-002
-4.257813e-001
-7.539063e-001
-9.531250e-001
-9.921875e-001
-8.554688e-001
-5.742188e-001
-1.914063e-001
2.187500e-001
5.937500e-001
8.671875e-001
9.921875e-001
9.492188e-001
7.382813e-001
4.023438e-001
000
-4.023438e-001
-7.382813e-001
-9.492188e-001
-9.921875e-001
-8.671875e-001
-5.937500e-001
-2.187500e-001
1.914063e-001
5.742188e-001
8.554688e-001
9.921875e-001
9.531250e-001
7.539063e-001
4.257813e-001
2.343750e-002
-3.789063e-001
-7.226563e-001
-9.414063e-001
-9.960938e-001
-8.789063e-001
-6.132813e-001
-2.421875e-001
1.679688e-001
5.546875e-001
8.437500e-001
9.882813e-001
9.609375e-001
7.695313e-001
4.492188e-001
4.687500e-002
-3.593750e-001
-7.070313e-001
-9.296875e-001
-9.960938e-001
-8.906250e-001
-6.328125e-001
-2.656250e-001
1.445313e-001
5.312500e-001
8.281250e-001
9.843750e-001
9.687500e-001
7.851563e-001
4.687500e-001
7.031250e-002
-3.359375e-001
-6.875000e-001
-9.218750e-001
-9.960938e-001
-9.023438e-001
-6.523438e-001
-2.890625e-001
1.210938e-001
5.117188e-001
8.164063e-001
9.804688e-001
9.726563e-001
8.007813e-001
4.921875e-001
9.765625e-002
-3.125000e-001
-6.679688e-001
-9.140625e-001
-01
-9.140625e-001
-6.679688e-001
-3.125000e-001
9.765625e-002
4.921875e-001
8.007813e-001
9.726563e-001
9.804688e-001
8.164063e-001
5.117188e-001
1.210938e-001
-2.890625e-001
-6.523438e-001
-9.023438e-001
-9.960938e-001
-9.218750e-001
-6.875000e-001
-3.359375e-001
7.031250e-002
4.687500e-001
7.851563e-001
9.687500e-001
9.843750e-001
8.281250e-001
5.312500e-001
1.445313e-001
-2.656250e-001
-6.328125e-001
-8.906250e-001
-9.960938e-001
-9.296875e-001
-7.070313e-001
-3.593750e-001
4.687500e-002
4.492188e-001
7.695313e-001
9.609375e-001
9.882813e-001
8.437500e-001
5.546875e-001
1.679688e-001
-2.421875e-001
-6.132813e-001
-8.789063e-001
-9.960938e-001
-9.414063e-001
-7.226563e-001
-3.789063e-001
2.343750e-002
4.257813e-001
7.539063e-001
9.531250e-001
9.921875e-001
8.554688e-001
5.742188e-001
1.914063e-001
-2.187500e-001
-5.937500e-001
-8.671875e-001
-9.921875e-001
-9.492188e-001
-7.382813e-001
-4.023438e-001
000
