5.585938e-001
8.437500e-001
9.804688e-001
9.531250e-001
7.578125e-001
4.335938e-001
3.515625e-002
-3.671875e-001
-7.070313e-001
-9.296875e-001
-9.882813e-001
-8.789063e-001
-6.171875e-001
-2.500000e-001
1.562500e-001
5.390625e-001
8.320313e-001
9.765625e-001
9.570313e-001
7.734375e-001
4.570313e-001
5.859375e-002
-3.437500e-001
-6.914063e-001
-9.179688e-001
-9.882813e-001
-8.906250e-001
-6.367188e-001
-2.734375e-001
1.328125e-001
5.195313e-001
8.164063e-001
9.726563e-001
9.648438e-001
7.890625e-001
4.765625e-001
8.203125e-002
-3.203125e-001
-6.718750e-001
-9.101563e-001
-9.921875e-001
-9.023438e-001
-6.562500e-001
-2.968750e-001
1.093750e-001
5.000000e-001
8.046875e-001
9.687500e-001
9.687500e-001
8.046875e-001
5.000000e-001
1.093750e-001
-2.968750e-001
-6.562500e-001
-9.023438e-001
-9.921875e-001
-9.101563e-001
-6.718750e-001
-3.203125e-001
8.203125e-002
4.765625e-001
7.890625e-001
9.648438e-001
9.726563e-001
8.164063e-001
5.195313e-001
1.328125e-001
-2.734375e-001
-6.367188e-001
-8.906250e-001
-9.882813e-001
-9.179688e-001
-6.914063e-001
-3.437500e-001
5.859375e-002
4.570313e-001
7.734375e-001
9.570313e-001
9.765625e-001
8.320313e-001
5.390625e-001
1.562500e-001
-2.500000e-001
-6.171875e-001
-8.789063e-001
-9.882813e-001
-9.296875e-001
-7.070313e-001
-3.671875e-001
3.515625e-002
4.335938e-001
7.578125e-001
9.531250e-001
9.804688e-001
8.437500e-001
5.585938e-001
1.796875e-001
-2.265625e-001
-5.976563e-001
-8.671875e-001
-9.882813e-001
-9.375000e-001
-7.265625e-001
-3.867188e-001
1.171875e-002
4.101563e-001
7.421875e-001
9.453125e-001
9.843750e-001
8.554688e-001
5.781250e-001
2.031250e-001
-2.031250e-001
-5.781250e-001
-8.554688e-001
-9.843750e-001
-9.453125e-001
-7.421875e-001
-4.101563e-001
-1.171875e-002
3.867188e-001
7.265625e-001
9.375000e-001
9.882813e-001
8.671875e-001
5.976563e-001
2.265625e-001
-1.796875e-001
-5.585938e-001
-8.437500e-001
-9.804688e-001
-9.531250e-001
-7.578125e-001
-4.335938e-001
-3.515625e-002
3.671875e-001
7.070313e-001
9.296875e-001
9.882813e-001
8.789063e-001
6.171875e-001
2.500000e-001
-1.562500e-001
-5.390625e-001
-8.320313e-001
-9.765625e-001
-9.570313e-001
-7.734375e-001
-4.570313e-001
-5.859375e-002
3.437500e-001
6.914063e-001
9.179688e-001
9.882813e-001
8.906250e-001
6.367188e-001
2.734375e-001
-1.328125e-001
-5.195313e-001
-8.164063e-001
-9.726563e-001
-9.648438e-001
-7.890625e-001
-4.765625e-001
-8.203125e-002
3.203125e-001
6.718750e-001
9.101563e-001
9.921875e-001
9.023438e-001
6.562500e-001
2.968750e-001
-1.093750e-001
-5.000000e-001
-8.046875e-001
-9.687500e-001
-9.687500e-001
-8.046875e-001
-5.000000e-001
-1.093750e-001
2.968750e-001
6.562500e-001
9.023438e-001
9.921875e-001
9.101563e-001
6.718750e-001
3.203125e-001
-8.203125e-002
-4.765625e-001
-7.890625e-001
-9.648438e-001
-9.726563e-001
-8.164063e-001
-5.195313e-001
-1.328125e-001
2.734375e-001
6.367188e-001
8.906250e-001
9.882813e-001
9.179688e-001
6.914063e-001
3.437500e-001
-5.859375e-002
-4.570313e-001
-7.734375e-001
-9.570313e-001
-9.765625e-001
-8.320313e-001
-5.390625e-001
-1.562500e-001
2.500000e-001
6.171875e-001
8.789063e-001
9.882813e-001
9.296875e-001
7.070313e-001
3.671875e-001
-3.515625e-002
-4.335938e-001
-7.578125e-001
-9.531250e-001
-9.804688e-001
-8.437500e-001
-5.585938e-001
-1.796875e-001
2.265625e-001
5.976563e-001
8.671875e-001
9.882813e-001
9.375000e-001
7.265625e-001
3.867188e-001
-1.171875e-002
-4.101563e-001
-7.421875e-001
-9.453125e-001
-9.843750e-001
-8.554688e-001
-5.781250e-001
-2.031250e-001
2.031250e-001
5.781250e-001
8.554688e-001
9.843750e-001
9.453125e-001
7.421875e-001
4.101563e-001
1.171875e-002
-3.867188e-001
-7.265625e-001
-9.375000e-001
-9.882813e-001
-8.671875e-001
-5.976563e-001
-2.265625e-001
1.796875e-001
5.585938e-001
8.437500e-001
9.804688e-001
9.531250e-001
7.578125e-001
4.335938e-001
3.515625e-002
-3.671875e-001
-7.070313e-001
-9.296875e-001
-9.882813e-001
-8.789063e-001
-6.171875e-001
-2.500000e-001
1.562500e-001
5.390625e-001
8.320313e-001
9.765625e-001
9.570313e-001
7.734375e-001
4.570313e-001
5.859375e-002
-3.437500e-001
-6.914063e-001
-9.179688e-001
-9.882813e-001
-8.906250e-001
-6.367188e-001
-2.734375e-001
1.328125e-001
5.195313e-001
8.164063e-001
9.726563e-001
9.648438e-001
7.890625e-001
4.765625e-001
8.203125e-002
-3.203125e-001
-6.718750e-001
-9.101563e-001
-9.921875e-001
-9.023438e-001
-6.562500e-001
-2.968750e-001
1.093750e-001
5.000000e-001
8.046875e-001
9.687500e-001
9.687500e-001
8.046875e-001
5.000000e-001
1.093750e-001
-2.968750e-001
-6.562500e-001
-9.023438e-001
-9.921875e-001
-9.101563e-001
-6.718750e-001
-3.203125e-001
8.203125e-002
4.765625e-001
7.890625e-001
9.648438e-001
9.726563e-001
8.164063e-001
5.195313e-001
1.328125e-001
-2.734375e-001
-6.367188e-001
-8.906250e-001
-9.882813e-001
-9.179688e-001
-6.914063e-001
-3.437500e-001
5.859375e-002
4.570313e-001
7.734375e-001
9.570313e-001
9.765625e-001
8.320313e-001
5.390625e-001
1.562500e-001
-2.500000e-001
-6.171875e-001
-8.789063e-001
-9.882813e-001
-9.296875e-001
-7.070313e-001
-3.671875e-001
3.515625e-002
4.335938e-001
7.578125e-001
9.531250e-001
9.804688e-001
8.437500e-001
5.585938e-001
1.796875e-001
-2.265625e-001
-5.976563e-001
-8.671875e-001
-9.882813e-001
-9.375000e-001
-7.265625e-001
-3.867188e-001
1.171875e-002
4.101563e-001
7.421875e-001
9.453125e-001
9.843750e-001
8.554688e-001
5.781250e-001
2.031250e-001
-2.031250e-001
-5.781250e-001
-8.554688e-001
-9.843750e-001
-9.453125e-001
-7.421875e-001
-4.101563e-001
-1.171875e-002
3.867188e-001
7.265625e-001
9.375000e-001
9.882813e-001
8.671875e-001
5.976563e-001
2.265625e-001
-1.796875e-001
-5.585938e-001
-8.437500e-001
-9.804688e-001
-9.531250e-001
-7.578125e-001
-4.335938e-001
-3.515625e-002
3.671875e-001
7.070313e-001
9.296875e-001
9.882813e-001
8.789063e-001
6.171875e-001
2.500000e-001
-1.562500e-001
-5.390625e-001
-8.320313e-001
-9.765625e-001
-9.570313e-001
-7.734375e-001
-4.570313e-001
-5.859375e-002
3.437500e-001
6.914063e-001
9.179688e-001
9.882813e-001
8.906250e-001
6.367188e-001
2.734375e-001
-1.328125e-001
-5.195313e-001
-8.164063e-001
-9.726563e-001
-9.648438e-001
-7.890625e-001
-4.765625e-001
-8.203125e-002
3.203125e-001
6.718750e-001
9.101563e-001
9.921875e-001
9.023438e-001
6.562500e-001
2.968750e-001
-1.093750e-001
-5.000000e-001
-8.046875e-001
-9.687500e-001
-9.687500e-001
-8.046875e-001
-5.000000e-001
-1.093750e-001
2.968750e-001
6.562500e-001
9.023438e-001
9.921875e-001
9.101563e-001
6.718750e-001
3.203125e-001
-8.203125e-002
-4.765625e-001
-7.890625e-001
-9.648438e-001
-9.726563e-001
-8.164063e-001
-5.195313e-001
-1.328125e-001
2.734375e-001
6.367188e-001
8.906250e-001
9.882813e-001
9.179688e-001
6.914063e-001
3.437500e-001
-5.859375e-002
-4.570313e-001
-7.734375e-001
-9.570313e-001
-9.765625e-001
-8.320313e-001
-5.390625e-001
-1.562500e-001
2.500000e-001
6.171875e-001
8.789063e-001
9.882813e-001
9.296875e-001
7.070313e-001
3.671875e-001
-3.515625e-002
-4.335938e-001
-7.578125e-001
-9.531250e-001
-9.804688e-001
-8.437500e-001
-5.585938e-001
-1.796875e-001
2.265625e-001
5.976563e-001
8.671875e-001
9.882813e-001
9.375000e-001
7.265625e-001
3.867188e-001
-1.171875e-002
-4.101563e-001
-7.421875e-001
-9.453125e-001
-9.843750e-001
-8.554688e-001
-5.781250e-001
-2.031250e-001
2.031250e-001
5.781250e-001
8.554688e-001
9.843750e-001
9.453125e-001
7.421875e-001
4.101563e-001
1.171875e-002
-3.867188e-001
-7.265625e-001
-9.375000e-001
-9.882813e-001
-8.671875e-001
-5.976563e-001
-2.265625e-001
1.796875e-001
5.585938e-001
8.437500e-001
9.804688e-001
9.531250e-001
7.578125e-001
4.335938e-001
3.515625e-002
-3.671875e-001
-7.070313e-001
-9.296875e-001
-9.882813e-001
-8.789063e-001
-6.171875e-001
-2.500000e-001
1.562500e-001
5.390625e-001
8.320313e-001
9.765625e-001
9.570313e-001
7.734375e-001
4.570313e-001
5.859375e-002
-3.437500e-001
-6.914063e-001
-9.179688e-001
-9.882813e-001
-8.906250e-001
-6.367188e-001
-2.734375e-001
1.328125e-001
5.195313e-001
8.164063e-001
9.726563e-001
9.648438e-001
7.890625e-001
4.765625e-001
8.203125e-002
-3.203125e-001
-6.718750e-001
-9.101563e-001
-9.921875e-001
-9.023438e-001
-6.562500e-001
-2.968750e-001
1.093750e-001
5.000000e-001
8.046875e-001
9.687500e-001
9.687500e-001
8.046875e-001
5.000000e-001
1.093750e-001
-2.968750e-001
-6.562500e-001
-9.023438e-001
-9.921875e-001
-9.101563e-001
-6.718750e-001
-3.203125e-001
8.203125e-002
4.765625e-001
7.890625e-001
9.648438e-001
9.726563e-001
8.164063e-001
5.195313e-001
1.328125e-001
-2.734375e-001
-6.367188e-001
-8.906250e-001
-9.882813e-001
-9.179688e-001
-6.914063e-001
-3.437500e-001
5.859375e-002
4.570313e-001
7.734375e-001
9.570313e-001
9.765625e-001
8.320313e-001
5.390625e-001
1.562500e-001
-2.500000e-001
-6.171875e-001
-8.789063e-001
-9.882813e-001
-9.296875e-001
-7.070313e-001
-3.671875e-001
3.515625e-002
4.335938e-001
7.578125e-001
9.531250e-001
9.804688e-001
8.437500e-001
5.585938e-001
1.796875e-001
-2.265625e-001
-5.976563e-001
-8.671875e-001
-9.882813e-001
-9.375000e-001
-7.265625e-001
-3.867188e-001
1.171875e-002
4.101563e-001
7.421875e-001
9.453125e-001
9.843750e-001
8.554688e-001
5.781250e-001
2.031250e-001
-2.031250e-001
-5.781250e-001
-8.554688e-001
-9.843750e-001
-9.453125e-001
-7.421875e-001
-4.101563e-001
-1.171875e-002
3.867188e-001
7.265625e-001
9.375000e-001
9.882813e-001
8.671875e-001
5.976563e-001
2.265625e-001
-1.796875e-001
-5.585938e-001
-8.437500e-001
-9.804688e-001
-9.531250e-001
-7.578125e-001
-4.335938e-001
-3.515625e-002
3.671875e-001
7.070313e-001
9.296875e-001
9.882813e-001
8.789063e-001
6.171875e-001
2.500000e-001
-1.562500e-001
-5.390625e-001
-8.320313e-001
-9.765625e-001
-9.570313e-001
-7.734375e-001
-4.570313e-001
-5.859375e-002
3.437500e-001
6.914063e-001
9.179688e-001
9.882813e-001
8.906250e-001
6.367188e-001
2.734375e-001
-1.328125e-001
-5.195313e-001
-8.164063e-001
-9.726563e-001
-9.648438e-001
-7.890625e-001
-4.765625e-001
-8.203125e-002
3.203125e-001
6.718750e-001
9.101563e-001
9.921875e-001
9.023438e-001
6.562500e-001
2.968750e-001
-1.093750e-001
-5.000000e-001
-8.046875e-001
-9.687500e-001
-9.687500e-001
-8.046875e-001
-5.000000e-001
-1.093750e-001
2.968750e-001
6.562500e-001
9.023438e-001
9.921875e-001
9.101563e-001
6.718750e-001
3.203125e-001
-8.203125e-002
-4.765625e-001
-7.890625e-001
-9.648438e-001
-9.726563e-001
-8.164063e-001
-5.195313e-001
-1.328125e-001
2.734375e-001
6.367188e-001
8.906250e-001
9.882813e-001
9.179688e-001
6.914063e-001
3.437500e-001
-5.859375e-002
-4.570313e-001
-7.734375e-001
-9.570313e-001
-9.765625e-001
-8.320313e-001
-5.390625e-001
-1.562500e-001
2.500000e-001
6.171875e-001
8.789063e-001
9.882813e-001
9.296875e-001
7.070313e-001
3.671875e-001
-3.515625e-002
-4.335938e-001
-7.578125e-001
-9.531250e-001
-9.804688e-001
-8.437500e-001
-5.585938e-001
-1.796875e-001
2.265625e-001
5.976563e-001
8.671875e-001
9.882813e-001
9.375000e-001
7.265625e-001
3.867188e-001
-1.171875e-002
-4.101563e-001
-7.421875e-001
-9.453125e-001
-9.843750e-001
-8.554688e-001
-5.781250e-001
-2.031250e-001
2.031250e-001
5.781250e-001
8.554688e-001
9.843750e-001
9.453125e-001
7.421875e-001
4.101563e-001
1.171875e-002
-3.867188e-001
-7.265625e-001
-9.375000e-001
-9.882813e-001
-8.671875e-001
-5.976563e-001
-2.265625e-001
1.796875e-001
5.585938e-001
8.437500e-001
9.804688e-001
9.531250e-001
7.578125e-001
4.335938e-001
3.515625e-002
-3.671875e-001
-7.070313e-001
-9.296875e-001
-9.882813e-001
-8.789063e-001
-6.171875e-001
-2.500000e-001
1.562500e-001
5.390625e-001
8.320313e-001
9.765625e-001
9.570313e-001
7.734375e-001
4.570313e-001
5.859375e-002
-3.437500e-001
-6.914063e-001
-9.179688e-001
-9.882813e-001
-8.906250e-001
-6.367188e-001
-2.734375e-001
1.328125e-001
5.195313e-001
8.164063e-001
9.726563e-001
9.648438e-001
7.890625e-001
4.765625e-001
8.203125e-002
-3.203125e-001
-6.718750e-001
-9.101563e-001
-9.921875e-001
-9.023438e-001
-6.562500e-001
-2.968750e-001
1.093750e-001
5.000000e-001
8.046875e-001
9.687500e-001
9.687500e-001
8.046875e-001
5.000000e-001
1.093750e-001
-2.968750e-001
-6.562500e-001
-9.023438e-001
-9.921875e-001
-9.101563e-001
-6.718750e-001
-3.203125e-001
8.203125e-002
4.765625e-001
7.890625e-001
9.648438e-001
9.726563e-001
8.164063e-001
5.195313e-001
1.328125e-001
-2.734375e-001
-6.367188e-001
-8.906250e-001
-9.882813e-001
-9.179688e-001
-6.914063e-001
-3.437500e-001
5.859375e-002
4.570313e-001
7.734375e-001
9.570313e-001
9.765625e-001
8.320313e-001
5.390625e-001
1.562500e-001
-2.500000e-001
-6.171875e-001
-8.789063e-001
-9.882813e-001
-9.296875e-001
-7.070313e-001
-3.671875e-001
3.515625e-002
4.335938e-001
7.578125e-001
9.531250e-001
9.804688e-001
8.437500e-001
5.585938e-001
1.796875e-001
-2.265625e-001
-5.976563e-001
-8.671875e-001
-9.882813e-001
-9.375000e-001
-7.265625e-001
-3.867188e-001
1.171875e-002
4.101563e-001
7.421875e-001
9.453125e-001
9.843750e-001
8.554688e-001
5.781250e-001
2.031250e-001
-2.031250e-001
-5.781250e-001
-8.554688e-001
-9.843750e-001
-9.453125e-001
-7.421875e-001
-4.101563e-001
-1.171875e-002
3.867188e-001
7.265625e-001
9.375000e-001
9.882813e-001
8.671875e-001
5.976563e-001
2.265625e-001
-1.796875e-001
-5.585938e-001
-8.437500e-001
-9.804688e-001
-9.531250e-001
-7.578125e-001
-4.335938e-001
-3.515625e-002
3.671875e-001
7.070313e-001
9.296875e-001
9.882813e-001
8.789063e-001
6.171875e-001
2.500000e-001
-1.562500e-001
-5.390625e-001
-8.320313e-001
-9.765625e-001
-9.570313e-001
-7.734375e-001
-4.570313e-001
-5.859375e-002
3.437500e-001
6.914063e-001
9.179688e-001
9.882813e-001
8.906250e-001
6.367188e-001
2.734375e-001
-1.328125e-001
-5.195313e-001
-8.164063e-001
-9.726563e-001
-9.648438e-001
-7.890625e-001
-4.765625e-001
-8.203125e-002
3.203125e-001
6.718750e-001
9.101563e-001
9.921875e-001
9.023438e-001
6.562500e-001
2.968750e-001
-1.093750e-001
-5.000000e-001
-8.046875e-001
-9.687500e-001
-9.687500e-001
-8.046875e-001
-5.000000e-001
-1.093750e-001
2.968750e-001
6.562500e-001
9.023438e-001
9.921875e-001
9.101563e-001
6.718750e-001
3.203125e-001
-8.203125e-002
-4.765625e-001
-7.890625e-001
-9.648438e-001
-9.726563e-001
-8.164063e-001
-5.195313e-001
-1.328125e-001
2.734375e-001
6.367188e-001
8.906250e-001
9.882813e-001
9.179688e-001
6.914063e-001
3.437500e-001
-5.859375e-002
-4.570313e-001
-7.734375e-001
-9.570313e-001
-9.765625e-001
-8.320313e-001
-5.390625e-001
-1.562500e-001
2.500000e-001
6.171875e-001
8.789063e-001
9.882813e-001
9.296875e-001
7.070313e-001
3.671875e-001
-3.515625e-002
-4.335938e-001
-7.578125e-001
-9.531250e-001
-9.804688e-001
-8.437500e-001
-5.585938e-001
-1.796875e-001
2.265625e-001
6.015625e-001
8.710938e-001
9.921875e-001
9.375000e-001
7.187500e-001
3.750000e-001
-3.125000e-002
-4.257813e-001
-7.382813e-001
-9.101563e-001
-9.179688e-001
-7.890625e-001
-5.703125e-001
-3.281250e-001
-1.210938e-001
7.812500e-003
6.640625e-002
6.640625e-002
3.515625e-002
000
-1.562500e-002
-1.562500e-002
-1.171875e-002
-3.906250e-003
000
000
000
000
000
000
